10000
688915
697022
261994
939734
900311
634708
952588
620789
354812
724421
756550
673286
279028
952954
88040
571599
303799
360261
129603
309328
332506
617304
74731
780416
450295
268936
53464
734829
587830
236773
534651
276746
450147
796645
732832
866810
947706
201772
487599
302518
926193
760501
492156
721573
229808
96548
293173
533607
456809
939128
359287
789316
556433
434019
86084
6728
702955
655900
257909
807138
892673
308913
83884
859173
621910
333068
725983
569616
534840
213583
388486
461033
490436
396994
182607
720244
493543
992132
770203
466704
931260
129491
256020
487693
79862
858456
10774
299169
514356
268683
106307
923382
93948
706543
782555
715859
39611
508538
285475
90803
238473
190314
551837
728910
103660
250796
965506
113555
242928
735710
580260
174188
381553
352632
661882
977767
211089
189008
276936
725445
457691
899596
165179
551640
122491
947734
783851
678455
972625
585678
769258
211098
775992
321095
456360
396005
571891
938219
509560
814819
673929
606172
989008
571834
958805
167242
549601
686246
356250
342889
928043
330293
758837
93223
398285
881329
557309
182136
559784
529934
767815
845394
257385
60159
166490
713745
456164
254733
651964
482077
585905
842245
604601
91265
930431
563406
774859
996384
766004
131109
339274
694048
977754
98111
303623
892392
495792
860932
74528
571928
907219
358695
417323
164604
935207
100165
394701
391371
354898
563018
389800
457155
405263
994402
548420
852047
74160
323279
848431
840165
970740
704057
50565
948495
318521
354188
840887
814313
731472
431767
386242
638691
790463
319917
803295
725670
420082
197997
633393
774980
761015
539546
232136
682630
50300
296908
534677
640812
620188
899461
997329
107280
603518
47894
572127
922039
918434
413014
252705
649907
361134
155299
804950
667949
475216
124598
909971
895298
322595
59716
186630
599962
599262
935118
798944
165914
232027
849974
806727
368567
749435
804056
475847
352953
368303
47975
791345
286737
977341
44050
452996
854827
715701
257947
522776
190917
898897
432747
602567
221492
492464
789197
337806
608078
240668
653102
773993
472695
503076
97072
357614
252511
901128
833461
121817
269431
397788
429514
72521
375130
473564
525517
229957
189265
299816
269086
896534
198713
218185
499101
936557
710649
804650
790715
835080
45318
443818
125425
34365
946894
222497
391979
715758
639977
225441
837575
425761
139581
267089
498282
31063
257005
23799
261021
962622
839968
46459
375508
555033
264644
874609
491591
491646
195611
798658
843078
240930
242476
968503
275295
705723
707352
183627
421481
863681
409068
259056
289442
65001
42497
787724
96065
815854
327876
357086
778476
684196
919897
670336
239229
184541
544945
247172
192539
256908
45831
35617
14190
804659
520472
805838
510382
227824
989465
931863
607858
914885
707271
897300
979886
266120
201377
75951
81974
45605
949389
376802
246153
869286
47138
485382
570180
108435
248907
762719
881696
811090
798337
895886
132101
318809
701724
642484
62986
691189
90699
187196
122426
314323
600848
102313
96795
318577
178264
695122
364182
127654
71924
610335
513292
635415
612070
83472
260202
377329
362544
141898
704771
677233
554137
836872
512394
255861
995708
575380
463403
602760
278928
585829
433435
879777
204494
530230
198354
382759
225352
78889
26765
813629
205576
56409
965396
817646
656234
741950
711327
18778
883849
416098
696011
437986
769323
208405
210199
765031
300138
673602
884143
579066
775784
317578
975195
980278
364161
173550
879389
105865
252439
906154
435846
458015
478916
917594
792014
135150
659545
19693
153928
59746
435792
366291
14084
721467
91048
224283
2850
907538
414238
886994
2957
706374
720924
978152
686652
85085
151702
82394
707303
920493
988548
143149
894861
983816
60744
686875
118966
720289
706568
789246
296387
658712
671889
310471
380179
762938
534754
899382
186828
465344
786376
189785
171718
23652
684290
374723
625090
352344
457117
332393
272838
962017
475542
167699
945834
52638
370926
581152
772927
593846
370399
69314
252559
558640
896137
149090
321578
947244
48472
24759
412588
351200
730896
100659
891205
415186
991734
516295
767531
448851
848688
40369
927220
840582
724420
389406
893221
95346
970559
182500
689192
340958
768167
458103
899598
664304
607194
737529
611548
172018
278640
540489
39571
9536
641148
930776
424723
149234
447071
192254
598085
812111
748975
41657
652693
473395
431064
545914
568741
401623
244767
774285
258933
12934
232389
674883
677238
355935
928764
805139
44305
207404
345628
600228
216941
503128
531004
158016
652362
494427
350270
766799
822890
99245
808456
475584
88992
239520
537850
657733
157495
782617
948370
416428
795551
697111
91312
989142
53046
536428
310633
613704
743833
656261
213932
477126
675741
261289
635142
844455
755716
501764
611254
578607
117361
936062
570543
206353
691935
624745
864086
849430
407363
328808
782211
719266
25920
389875
224760
595318
926303
535393
209022
670136
708006
422955
663614
383747
684244
815108
228202
956312
316872
355808
51271
434233
291871
138166
640586
500158
762912
21024
349588
170275
349833
131799
405893
892105
521674
630654
487423
447978
166047
696446
634466
874054
635753
814433
774153
319997
629541
518708
792661
462766
390868
843933
896999
199091
498451
53938
699249
261363
591314
48838
431638
457499
696989
837532
349604
735016
984538
837028
699346
150585
49826
850164
540991
685579
664597
831497
521928
294139
350205
314589
273257
741073
674874
170256
940165
173326
740546
639414
434689
331861
204604
382680
789360
417946
736564
655317
152962
721102
492345
852308
388039
58523
702472
445383
744102
367070
276880
266030
177561
627085
96971
450818
884510
288198
137426
341027
461524
394325
496794
412565
726186
217750
795245
31898
635696
48161
687215
788658
769263
695912
157318
157303
754435
859791
119038
14889
743213
395918
797271
437126
539355
894243
404296
423865
182441
58074
281245
160317
452399
778039
572882
694937
512141
884480
726836
147838
932641
930403
452848
701905
142668
610167
375560
897103
986310
494598
911993
729523
406868
709264
683001
946223
119859
87297
886440
302300
145371
167685
978969
114123
462076
551852
809060
974218
436332
52248
638408
368973
982652
91256
587230
125320
701423
479142
538775
687733
490092
967120
933608
896960
192737
616609
359535
312596
220258
245976
131249
365630
930013
110218
996105
908442
178422
805165
399012
614754
857414
37420
500080
356418
128676
603662
998090
346452
599157
536865
34185
89249
503986
484146
502562
213075
100755
862097
525671
321014
624425
173272
202996
70791
799843
199101
979233
978265
520618
378245
109372
894384
932017
609452
250802
60693
729466
248892
923497
328623
302110
474035
934225
322448
958181
953139
535523
58936
331588
577546
896302
956014
750819
99298
26805
67014
814751
522390
45279
335370
416987
154651
229754
349004
280455
996909
926049
526274
762153
849547
854897
64263
323582
305474
903063
281763
258613
438586
857051
106554
532485
753354
62568
799656
369004
605725
866670
183756
128115
428301
35478
545102
582953
265232
410458
379760
778493
336507
906034
540647
186054
277284
121262
25988
582758
540678
307751
357724
495616
164803
464278
28101
918157
43198
827757
803513
165275
210779
987269
293390
639081
22747
354844
738386
804332
765302
118146
582825
618161
540533
639824
804216
817817
277439
830204
916927
334469
654308
791003
830085
819111
771633
374539
253620
814831
202296
57133
980106
929428
560755
789848
568509
583502
661044
823247
904186
942698
941393
3364
560860
481926
159540
881428
816095
953331
711632
733023
287800
882292
524026
634238
217755
295660
8777
987727
626843
727425
561213
123302
656853
121968
913150
741714
221822
574195
564961
642361
516893
22707
645725
594105
20985
805265
475533
837081
274949
703518
86456
562749
585810
126834
196987
803566
938846
205764
791293
565690
933190
868858
688992
106395
990826
118494
848110
729001
692689
929423
371362
725935
952130
17087
320040
489468
338704
311926
326549
130005
15444
929357
209107
601254
56191
406094
921172
995038
128211
228818
560728
577753
97676
766072
200500
604855
884566
48610
333856
93608
494386
221570
819543
962868
755009
655935
452336
610065
967861
295237
740071
983305
224594
949178
100912
280786
871624
538436
792176
516187
767254
352904
93940
381283
635328
294441
986138
519894
859403
836346
613502
870141
57916
949397
833010
329277
121685
285346
939342
89546
580584
679413
589204
321530
628591
206468
602316
500216
744904
394492
16403
28511
263748
626696
409794
415428
437489
912284
935323
813244
264982
65177
683386
839250
530927
32748
168527
652612
318094
107869
258510
415030
787283
364066
736561
932226
86886
855229
948794
831791
766074
481550
860302
29822
624598
786448
961603
62087
698732
896926
391683
480066
478455
591421
319316
525734
624169
487843
694698
458616
595712
953209
873646
899347
833627
126559
347926
920514
981789
296720
268657
747863
778270
128959
294037
402868
431759
255640
981307
646843
668918
889343
126909
663726
480764
446225
189460
621286
934068
400511
79902
46132
353720
469900
461832
703699
596460
809758
624213
94601
622830
892870
358816
401101
538181
652853
320321
486292
424846
817981
133135
610116
223676
260044
790194
704440
706269
979655
842078
156689
380166
438332
719174
250238
908233
697358
470289
21045
507116
610855
631998
646298
20077
990814
563751
74611
160019
884073
560903
101217
218406
694039
711334
442082
954083
501528
662874
176705
997535
21305
849746
894053
459637
85272
660643
884222
782630
130933
421619
806098
258140
53617
452397
278217
560783
16148
352828
720803
416573
913732
822020
151331
124123
49706
593413
594558
551235
772640
287615
65122
793945
137362
475528
769934
738986
136171
654157
521617
783456
592128
844067
41596
645746
296464
836166
206529
828965
188994
443684
761890
619078
265705
913222
259553
315411
22987
854112
382998
795627
141727
964473
105924
279089
440001
392211
18076
92524
46368
56045
875981
638496
900112
433929
800594
712929
786447
523476
541894
491794
967160
303784
110872
232865
733358
370426
64629
756346
740890
963979
68325
882617
928452
174250
678059
368453
82813
212487
977330
129181
268532
853311
284029
684996
803592
600976
397925
106392
124452
456171
598186
91612
276308
225410
840830
9666
112188
905459
766012
853078
869438
834338
735696
797891
524940
930107
682696
607753
142594
660026
253286
927478
29689
53667
612474
349634
170995
526752
456026
295447
982923
54212
387060
259231
279622
744242
268898
908163
649701
34910
761241
35491
385600
13289
349734
426892
943396
32431
34645
85990
208809
804283
529820
238499
374303
142295
104485
545298
669047
560511
840746
168322
131075
744158
427554
927049
488400
212804
835212
654453
764066
596454
689944
666019
609743
39679
92911
69492
588462
643909
671834
797271
964544
201655
552122
338847
343950
656607
884146
529349
733470
241244
214023
380897
501754
157929
307947
506506
370733
143159
677311
651152
255965
367255
317171
382061
923286
926434
451553
28100
570343
123387
341724
534888
325042
893846
390087
185344
66806
274233
231045
316628
31829
445069
697526
49935
119350
521825
556441
6436
664984
233752
657588
437302
117360
491111
819363
556998
417545
787268
585099
987889
910655
443175
39129
752050
853373
429216
453746
436531
219802
201144
753160
767983
162565
967038
817919
281915
488863
374360
288351
670199
124465
462291
623853
758177
953402
443216
315175
887300
746836
416626
391541
657492
859801
430670
925894
713175
376238
379640
149706
596040
580784
419218
880376
743349
902608
698295
541617
907823
72655
829968
578023
713472
808612
718228
471649
278366
677797
303177
165666
424633
719803
557207
82125
95957
504229
524371
325484
396820
420364
991542
509212
517500
927113
389588
777202
829721
87883
318819
737545
676891
665139
831920
390363
473751
550148
378365
752118
227945
681542
917784
652579
917697
991344
251056
530006
11925
291780
855490
408745
712144
363385
917958
229644
290498
307546
6846
120219
911782
842017
374116
588673
507157
722388
495388
980908
788889
873753
249378
16834
71647
683515
185765
989345
674859
953174
519351
203136
244954
891194
611882
473450
254579
529840
219446
61429
353738
226293
181648
265520
68310
72117
854193
91819
794505
865934
72728
583394
739687
838458
116581
811335
521973
818698
317032
713184
288224
352735
916321
49530
243929
528203
522980
14860
574395
742427
76289
444485
485072
774290
226358
69734
362759
596903
161554
673616
462837
750634
257011
202525
589092
889944
530212
627418
224994
847244
340602
513219
199979
256923
562749
960261
301478
85730
491473
392225
344509
567763
836711
829581
858405
579421
415667
221164
176324
577221
894780
639162
844207
668143
841687
949652
74439
888251
577070
299434
735495
434024
329005
451826
207300
891754
412087
25130
493836
419913
417356
838345
987676
770419
184278
362433
349840
599946
99949
526164
693519
994729
681678
54079
179225
39717
3731
253664
927968
97153
69450
663463
47529
398455
115290
254829
806562
43729
279960
300398
463642
213668
655096
967670
984087
355726
846455
850279
955672
946404
892795
165544
457486
574474
219623
636711
614191
739706
406727
542160
353211
992530
721975
917092
907337
353617
171922
713899
913699
968234
14298
893693
181902
185746
861364
682341
541472
707819
48972
13497
654224
941767
179041
628062
32593
915016
264773
646785
171074
187852
705297
40637
180382
943624
957729
87720
297242
646003
801619
210941
614237
332269
104634
312491
34367
482350
511184
575840
706522
560156
105689
877098
18276
284730
505160
50869
716098
286285
214006
403524
474137
435655
960513
654520
379280
918242
258592
192874
80598
576563
920167
694835
425185
541153
523679
459552
23504
34863
551744
246378
111372
657433
123476
646000
458515
144988
696869
690965
431273
427228
94489
905410
379235
571354
76282
274867
489597
334874
467741
570195
427790
387908
781382
852975
445414
821413
312527
468918
372629
380624
231648
484001
38057
355124
130001
496573
500112
343222
187538
931385
286802
798380
353147
182390
369734
429430
457257
375683
280656
924999
462230
708446
829259
759965
77773
274673
581378
390301
259943
954007
287277
491591
954360
325334
363067
84361
338259
863179
943936
525798
310916
747090
840530
664064
929480
726616
609846
386738
102300
890502
828089
80882
115301
657348
840847
193074
448374
422226
99727
224669
376233
387004
716261
330594
228691
79328
931307
566950
458860
391595
609100
769776
138686
449630
950192
584518
692599
76390
971256
794899
483245
315697
392133
598546
489398
232981
307972
937772
655207
407700
162441
547792
311056
395054
394738
539747
990735
842398
623050
449595
750345
232150
735723
889031
198133
202268
989902
890732
278658
477510
201983
761903
793208
594116
876801
282606
827097
184774
736730
998656
108826
415523
62801
419882
810578
973891
475982
801313
816289
615384
767260
566635
847534
19335
972018
562019
221603
478272
969103
500262
955783
171086
778517
748991
281555
655319
31597
625004
840093
768327
140013
465271
700202
202814
401505
510780
693057
877487
828445
509347
9223
112057
592334
856758
131393
80704
935129
352996
558977
904233
369610
514760
75319
148128
263751
873226
319799
811700
498231
159892
96379
638244
625163
796581
357410
26668
823714
50467
420508
168511
76166
429731
280569
184852
802841
928314
781909
737971
797662
340886
642204
167273
371998
233875
831753
152101
107102
151552
963801
121685
827796
576532
276281
969311
373113
150043
512331
713179
716862
932839
881691
309381
878923
678612
494233
198116
123278
276142
936087
920940
133380
94643
604565
505378
328519
436318
657479
951973
104222
137632
590010
448370
714164
382643
417681
603630
532686
930013
316809
765900
379204
714852
75281
258127
393464
85867
456244
516742
362009
908683
954035
495390
3327
558600
517120
848198
511271
174600
316523
131845
312232
422885
580216
542749
805528
997897
146379
854566
927910
463188
136818
307115
178041
212100
81594
87857
297967
54190
120952
176328
962874
74987
188070
482553
149939
705191
847103
177562
396143
679978
309408
224727
619215
405976
767476
424743
403873
913855
795661
848136
377044
448831
671603
71437
660931
753197
675646
475250
323740
796598
651579
802966
387937
839649
285519
54229
61192
648974
231791
457335
328952
57551
682063
948167
463527
449539
889262
383753
363395
201275
748241
256791
650106
419844
844580
827390
689393
520226
302640
13133
833177
470571
816099
737466
310221
617970
791695
371413
266944
539839
345101
112248
113742
27164
576767
93622
993055
982381
993727
356450
700008
741968
129593
866467
678164
974173
693857
367557
10752
996497
897043
843929
983421
229494
581395
293642
847465
889443
181407
630761
945634
526508
259362
59376
70024
836129
152998
63080
334863
146725
935882
34871
405045
581828
901338
83209
556001
595195
450767
83105
108045
864162
443386
607818
93656
541134
901460
941121
430577
599219
88235
892563
642080
347597
951939
712104
183726
621290
291536
34941
284367
227419
69813
689413
325599
487503
772622
397952
599051
223389
481058
223448
87551
924444
831266
697560
981930
249078
638681
928859
848297
726916
821422
6729
74513
773362
235186
774592
394652
526722
325885
679019
270493
912050
884784
596092
399554
657407
994045
998605
397148
991455
738405
1052
432251
569671
698612
414182
818749
337293
343041
183398
580562
164464
190128
171427
454178
941666
462371
365182
984740
788257
560553
255234
700307
445338
367678
616213
102745
878075
131170
499893
385882
869575
500945
818134
955598
715909
748668
290699
569555
91709
474098
150117
772525
180578
837896
226703
122244
816620
591885
623336
604877
668791
878570
821536
114129
762601
954102
216874
157028
85272
233119
542911
471200
250417
877397
426798
966326
626065
717498
535881
234126
707948
202350
6652
888526
40247
749707
527122
856867
857945
150458
978096
526736
545381
315984
640865
824334
270086
374091
497714
871711
607210
556977
342911
857627
434374
769709
340306
576791
3559
876187
327270
711507
78538
333922
116385
635137
599981
159859
8356
974278
826670
986452
501014
888403
818788
658231
712737
88875
32322
726803
960586
155885
283781
303497
529864
234507
589558
870170
811299
109470
262710
138569
820977
857600
988843
453715
492737
105176
613574
17445
79455
956596
3897
96821
844999
822685
755053
74088
427912
787375
800892
388498
459612
84673
208347
989477
835532
314258
375999
646831
423728
638709
301752
761057
496309
806947
214772
505398
912124
344699
522843
507931
301295
43092
604752
146295
382130
359805
220383
810042
663533
21275
714893
639497
622300
439592
628974
457833
753850
4974
621016
693930
160035
439121
454988
172697
762420
186112
678095
190896
530811
717291
698827
832107
276735
303580
978402
658865
179737
198785
468908
359622
736413
700153
999120
875065
656097
144446
849250
926300
149420
470267
620230
825808
425740
591570
998505
188160
777683
192952
379057
308494
910243
594236
140601
186979
414168
119003
362196
110258
834141
347456
469880
86906
47609
469000
961971
703707
613447
811222
630007
279219
797841
766589
105027
739933
358160
619884
444445
135843
812837
823502
960689
723080
934091
101291
426411
348259
736646
788608
458517
87139
136064
444750
174045
700026
430102
652369
403733
43549
979943
550092
839121
294136
316681
460500
34069
191193
80385
478514
327036
893222
818369
804078
132654
752460
905369
75418
617071
158367
864026
591941
245507
516442
36691
935904
216468
466793
588273
136553
26695
568216
686645
865816
862352
519679
842668
412773
710872
439405
407640
554261
848979
226009
358339
981634
494821
780060
573404
111892
938427
953782
220185
700286
470224
256876
636191
203045
723670
740816
339598
266717
825385
542596
132533
204089
62275
491553
616863
289499
930959
24503
843760
779938
766864
718451
277924
261685
498511
851328
889929
953291
321462
110115
653577
791687
366991
806120
994732
607013
546937
850682
873730
372322
393278
522615
576411
971905
530521
709626
261405
461480
250481
621517
757770
17345
339969
552047
279030
354832
919727
685312
308123
241190
795427
478053
32877
678770
800525
543961
802136
863814
910995
675866
752488
304274
714834
845252
792531
245355
554878
53936
223187
805360
191806
980957
822705
48127
533004
618088
402959
452732
819752
227435
693922
615179
221840
243151
810301
22365
303464
612437
886180
214459
804656
155020
518733
519490
272
827617
281197
555151
397905
504384
876863
589711
485341
699568
637838
534698
834008
557150
503782
653760
784585
197704
785291
522777
957207
111945
61494
260671
240734
464026
475130
45390
619047
510216
81232
619319
337833
362429
174470
735738
383165
51333
325450
384859
267254
479640
919557
617614
36790
423339
271375
337727
137395
573018
860504
94602
684963
921999
355273
925698
386025
346755
487440
5072
856971
85025
140744
194804
963806
315214
930543
346972
882900
772345
731831
150154
768337
167740
767768
805128
107431
555495
659207
761178
644866
36064
855780
846181
474415
727405
288231
376792
590512
775672
898217
447484
377049
38961
158640
340855
354175
605535
687827
237075
377880
936010
903581
146218
620102
187702
467698
243885
259549
126905
5063
904415
679321
377195
750597
153736
620952
38828
530529
211465
330852
428746
175301
707901
467707
333941
48757
338234
939477
252936
91662
833709
705299
511595
496279
841753
699297
963977
601991
958847
607235
607054
379614
286556
500602
130211
956645
121554
685392
487174
849371
532596
432272
24672
240498
416331
874966
805607
270917
814443
574895
362579
164504
796546
874175
660784
638300
89824
141113
756643
565023
264700
363697
944638
67609
380651
74849
24254
502206
276593
27780
867929
809190
976404
408954
566040
392735
283920
371647
180004
614715
462894
58936
779219
259441
449463
956355
414093
539287
97469
170736
104311
362169
50785
48949
429778
431437
640150
970384
449995
433096
998164
317924
758638
974568
243230
324678
883655
43502
212677
63660
658217
675571
122596
953789
451364
572059
426496
381809
627698
40317
552545
248361
402487
119683
297310
348617
551120
453813
835354
1115
403261
833518
835391
161899
324439
78622
486577
724446
122124
699254
304458
296694
891177
427054
766835
858894
515465
193331
240703
659516
233649
793249
907877
152488
912932
721540
17457
980404
691705
852811
497871
94966
202682
333262
256865
43473
928236
743442
767919
566713
959048
72378
379759
366577
15784
146594
225471
47602
856277
466175
707118
89926
775776
131347
758766
688708
852887
776224
185464
544592
629035
683335
639558
348069
532949
896423
391542
461186
156217
159462
544251
115265
748192
440362
481843
763976
586956
223666
327930
959585
689841
35048
49512
465617
166396
808278
670677
535635
100854
856141
80228
246242
55828
719786
594311
588778
132562
502206
566316
288779
661668
110567
920397
926212
67281
918592
690188
170589
142258
18119
130174
832100
569519
179686
297717
252267
504317
484747
787903
121523
857240
868131
367765
913069
104269
478429
501847
753183
980635
68163
41963
158655
695082
962360
84867
762363
397304
291407
932952
539562
825878
63126
371662
395398
759165
185732
164017
779834
670479
951920
417709
527719
336403
785475
440788
440673
263904
458987
193856
244539
43502
752171
403194
738584
230883
4413
17299
628187
295820
466603
167750
121699
46082
55764
33449
321599
241496
197466
101433
428327
665739
519142
472399
2142
820969
429539
959167
84873
888527
669376
845764
932029
937899
765310
186966
168783
769723
720617
313322
581896
187221
481072
703595
233303
536837
253396
554902
294685
967214
172687
239365
632953
691829
711764
151448
29151
141303
626967
630376
546182
296343
476141
994564
750595
757803
181530
919378
43879
902147
232700
625775
89368
230125
845722
839023
283314
615470
393925
94351
582684
566612
333716
731990
774794
45480
399790
320297
703136
26757
950673
249318
839453
943166
243882
590048
700970
941764
25778
744849
843912
774830
886976
449632
4955
732698
805008
804621
348168
198933
898973
447204
281898
749041
179194
573044
794522
578984
893341
497658
122094
844014
263328
961547
787181
507211
551595
4503
965327
577373
749352
809239
868555
152680
775224
873511
401730
580232
194484
266250
295517
609809
713454
93767
358851
409001
666811
153373
504337
560152
167383
626431
920519
430711
104330
707700
454274
655925
228555
419602
749650
494259
745193
134558
646939
36769
8069
48669
617001
718905
314919
428871
328715
28373
522638
687566
953726
189450
357291
458064
265954
41026
600847
186473
988089
705178
410525
958716
877455
155432
378318
143458
649691
639863
278016
296630
676633
802437
345299
809986
521342
176570
755209
366409
721296
277848
570327
675022
983650
443970
649438
249604
484996
250286
952430
989438
471816
879307
948154
349271
34740
842824
492729
684431
482687
770745
497414
675672
89534
359065
2011
610877
535636
757220
493638
256932
35068
63966
448306
535070
507936
614097
784675
509285
864383
253457
498723
852551
649116
446877
201822
200208
806053
210904
884640
288740
498001
898406
480765
587536
257471
482776
714765
793107
756348
208403
566391
307769
788721
531050
842839
813010
145147
143866
322295
525882
397323
337370
378433
562792
300599
96607
763000
106652
823863
647640
911744
321865
62398
392509
425753
319870
391637
656870
629329
147986
865273
712073
455755
170347
243123
298594
983357
904622
442461
305652
430504
356136
643022
325289
918928
943621
938248
681929
50273
762112
845921
962017
600329
908320
870879
26082
744542
262516
682952
373871
926854
64577
602296
382609
234924
845419
197556
734633
266393
156369
40285
213249
28857
199659
54890
947786
659632
993139
146067
226257
271603
508340
704627
871932
416660
575506
414366
677554
354374
613670
51426
281229
194599
653722
180190
945876
15494
894098
680509
798239
50467
720795
11489
79325
436806
66379
543463
96439
575870
205882
322696
847473
714222
543675
719405
647235
119181
133771
324789
989908
263793
376215
271137
458393
546290
967679
404269
78136
861778
84778
876375
428597
321925
404216
507922
758732
986948
567737
371523
562818
773619
210571
410292
4194
754247
129697
651429
389780
779821
976218
379688
43614
868786
167177
502007
931428
651209
422628
9564
512987
507407
402291
941584
829332
322860
965859
104416
309808
49948
992291
872626
339920
202863
282918
344114
473462
928968
511895
379594
225141
488113
275635
785107
873251
959164
803467
804679
610373
226095
330595
639712
733502
732887
97649
79187
55747
579860
183603
365555
629808
692247
754533
969728
895110
553804
830194
884924
999124
342089
264518
224265
346555
56505
525724
219806
15670
329191
24486
142395
555287
355081
782108
805141
604320
879757
884328
660067
459617
584284
541974
605777
276531
812860
91858
687993
366664
438404
89269
365788
780494
870139
106405
127049
926645
632129
863207
942315
477673
887693
84710
32960
242775
383170
838101
847095
779279
238782
23515
755248
823066
81841
361026
615949
894701
969236
820294
261365
407640
909563
143505
188134
779702
249910
831535
222699
398392
694743
681366
876065
98788
282429
425377
857915
665599
779830
221363
444879
18612
244878
200127
358030
843071
77505
973979
737773
46741
310625
515490
454382
220188
175348
158868
516243
941610
506756
738942
340002
717851
420309
732419
816639
702738
157796
674555
884689
937627
412270
845920
956239
657148
46048
830622
16571
639905
320953
754344
202999
631579
786187
173733
851767
961535
332601
884362
903145
355709
139657
759500
589912
76318
491919
922904
295408
166068
113811
180097
103695
526081
26018
576286
183229
588418
406908
716152
228323
244214
470497
431322
875793
773036
605055
243912
734571
454009
128275
154068
326070
267932
913568
915983
344250
921840
838887
639658
87908
952698
336107
191603
995131
362125
284241
694712
466895
207502
410864
211571
451716
397713
159245
327509
170749
280653
571421
421672
251014
216048
575741
577084
332
489309
9419
860934
411149
364658
500592
499057
833708
353052
207012
828839
715177
7606
523551
698425
731460
934416
909996
183176
332129
69241
27037
19231
349894
114810
440903
600908
330859
16644
694345
847543
22306
220116
708478
949807
584775
209070
965217
418483
78474
688581
763675
310004
696187
803578
8429
427647
737994
918425
127175
586476
504018
154212
122059
370265
785375
562962
487525
632586
95959
181870
480129
118265
401987
188607
584424
503114
914030
549641
437949
992504
754575
201624
302508
450762
5203
310937
394762
259549
745714
38289
362377
766085
192502
484436
136350
494229
47399
623875
126815
659710
322098
606944
294327
240437
311904
878751
743551
225934
944745
181500
734790
699320
383125
37299
666434
904680
864588
61196
680581
126655
99486
42959
892740
808340
527395
29090
818921
91146
652965
945736
750856
491415
69032
45183
731852
380936
440287
475403
606870
385032
656904
341661
84352
556381
895312
750786
977413
276252
328335
657994
402907
944173
700953
295647
268865
744701
324737
87786
352199
494055
33522
103056
985470
102554
664591
717323
999843
104878
709078
606713
6262
365982
464726
90614
438715
876390
357753
416128
152643
202440
590475
555550
146613
807780
851198
415478
552481
692287
503264
904681
186342
53138
524089
688165
672044
188680
405488
671887
809911
630918
794953
816173
996901
776031
423140
951968
652422
780893
884449
805065
499685
474924
876967
646298
282704
728165
578128
351538
936805
81392
772571
123147
650882
296660
811312
322926
1692
733152
994814
327955
364071
306119
144129
877324
82150
83621
345644
734572
380866
230093
55989
880551
221369
932957
526849
20426
177474
621329
888316
114279
702721
660887
753779
869955
957547
81443
709233
475591
330948
704047
803547
695019
526518
464028
88695
608669
64001
434339
343241
444867
180785
915583
325418
918506
848540
368619
938932
542366
989948
827248
172998
209021
4487
926777
595328
478386
8220
304561
953978
339168
524961
273877
550539
51479
254257
639234
660148
318258
589926
519742
763125
287063
435325
604895
205569
800217
489866
144502
858935
479814
488102
31933
205187
492590
958710
800515
970976
966931
105076
441306
822451
630037
715183
372991
681517
969440
528577
858017
287698
634855
377759
567175
921918
329436
172070
127488
129653
178288
788342
504941
658102
792796
536874
379641
801738
495585
696508
772715
978868
801585
730373
317671
947974
445557
690662
145843
931349
735592
3861
735400
370447
897972
818927
808718
227409
507350
452558
873414
685638
757252
378355
860093
550048
915230
239734
351787
927167
936243
640854
422387
254180
887579
740058
718506
849488
947073
864350
780838
682665
868211
32590
569464
282535
851517
378182
509944
358867
830740
383359
44506
104344
278066
904599
654393
709648
660685
522532
153167
596928
679738
575554
367460
567317
831965
85967
416806
779038
950317
713996
978055
334880
746586
547519
617415
114455
442054
127360
473323
789146
27071
34181
893491
821489
938780
64236
531138
599465
586768
684305
712746
782858
776212
80206
866527
608177
682525
799685
387215
632842
513681
365270
484074
776619
429141
101490
891075
871195
745202
880750
660342
288625
914931
553833
626466
370063
618069
157604
485880
721189
358262
714978
20399
134474
311537
886926
742651
994062
686612
646218
143257
716645
527840
627331
493265
956981
245173
900692
344529
506727
297794
4871
311704
729077
75056
938171
99140
209477
612127
101372
447018
970389
816351
467417
104863
127888
354343
363866
121950
557307
10084
781559
273953
537924
408891
283570
11258
170416
700614
355787
193496
998408
360658
505200
243837
952066
959723
342977
677895
571851
444349
124913
542240
777052
592330
163456
904940
463025
527322
543243
20333
53759
324802
810638
591683
733693
94208
602941
420462
311174
475080
613958
825934
835738
635510
69771
304156
595234
929100
982051
683437
373449
106964
225677
666854
215646
905485
571794
678672
432808
115037
215357
486567
439840
25995
594602
689885
636555
713896
626699
464081
188976
240657
290015
541067
392520
359786
845223
504106
288886
343627
187543
178687
966943
929572
845541
182590
835058
417336
861262
267866
48725
592971
270785
488565
135318
865387
694803
771873
579283
321502
235954
284612
78512
42321
825679
471032
402107
187254
975138
690993
530881
679033
386032
497825
608605
231574
196767
443663
165262
574381
227881
213987
167352
498666
218905
302670
880406
430060
590895
976041
751562
343201
260653
346426
385522
602684
817458
787629
789939
308948
994974
837172
504333
897358
334997
112939
128932
48116
72954
810546
622497
300836
540886
789849
315854
759791
608871
196260
706203
199766
688654
457765
542967
949307
320544
444841
551992
138002
748822
858283
963303
260148
695455
467636
157507
546805
96927
802791
594921
686234
613338
217419
503422
154224
523620
819276
430367
132492
531889
136570
848610
220543
110687
907930
686202
431231
352771
754546
85586
101594
129181
565241
878094
824637
549229
35601
887794
646157
838393
999067
332391
451731
732838
835813
122307
256459
171441
552674
905303
219682
205596
753913
440225
316283
661843
642780
263867
530967
913678
349453
632561
42860
914694
510655
383849
463923
62609
271643
626432
901002
787062
475175
869085
519901
827340
507744
292712
998782
576770
198015
218464
782366
468280
175042
615001
130124
334174
878868
661091
247852
744673
810004
290712
175719
837011
190913
155995
899620
978908
782427
316974
765971
257603
702411
802224
601295
210155
611288
600077
786925
809303
334894
85643
793935
26288
700645
440411
360462
95865
101502
608314
356891
427858
415379
532610
781222
606292
688605
197194
101553
987385
514169
867524
761340
732932
186100
362635
459440
797388
479065
762717
123043
813959
848361
916978
840247
65358
357390
717061
677575
975244
325375
34466
403103
257106
83429
184325
379751
772034
381519
481304
275771
412040
865180
37111
661325
51280
399747
120765
365020
395164
883482
488063
209123
731843
405041
565722
313553
278783
282783
991129
254028
124510
541947
173483
381617
625376
874160
277720
913763
772031
275376
189534
184072
140556
226646
845397
708188
142745
966162
73208
537909
365996
561271
263384
614192
482664
829106
927745
761448
628241
435226
15476
752751
977174
188959
650720
602550
63119
928440
516313
835150
203816
705848
535574
860724
448846
897323
568912
107943
379837
158472
645852
745834
719743
425588
360026
718760
254694
804123
480208
882935
239350
12036
152038
216524
200995
802759
335426
780466
731199
851740
131968
451368
73940
183895
312092
39138
597570
397357
147081
977408
555829
309285
239594
791925
734873
115972
510685
989567
920095
990893
388854
675797
2929
540892
892321
720276
343651
227748
17094
591203
595840
665414
42571
186132
365661
871015
225270
963232
268372
888703
456992
824202
197988
696586
132479
932861
328910
643164
438780
765357
150409
827634
441155
669690
884878
849828
389966
744882
593928
923412
336085
189768
588826
895008
892252
954488
282375
117522
434072
550748
6225
891064
891302
720565
104002
23781
653426
432912
183297
92206
198269
333706
436192
639424
3396
321071
489253
909714
65953
83181
833126
918390
789302
938304
329750
681554
409144
612125
315429
843216
162873
838006
250632
570527
558572
354634
110660
728350
787546
293957
336909
502168
627663
773101
657944
631059
610524
147197
540773
192829
746731
890251
627571
52385
344908
957321
733939
754052
569447
565720
113621
248672
920079
364253
819200
478651
235240
446212
723353
539138
740170
60262
41306
367833
349716
699251
515245
960240
362800
572370
669422
625883
978974
296993
678268
323882
254315
928560
594286
340114
10632
707907
588786
930711
588513
924338
409362
823753
370551
649068
362891
110721
709330
920550
994906
59046
619801
26503
535639
498953
598874
205061
124837
94200
18406
803105
418082
272721
248017
12368
129187
258650
236628
717974
189361
825141
158664
115076
165246
529215
764144
44489
156288
989826
965039
667547
48873
101192
694050
100864
600146
809276
305925
241335
903476
840683
44440
321558
113405
808810
850279
758944
67460
603259
993270
773173
428400
151935
888249
109998
681150
168745
154487
353791
158572
635879
21338
723797
737071
715388
824661
853569
524665
646938
94904
944493
487621
655697
782404
117378
464507
632683
876323
48319
235942
869593
821492
180694
537880
226094
807044
219031
394839
477883
89174
69763
113762
110512
793560
367186
342252
134573
737107
866917
781511
348364
327763
785485
4061
110167
902863
984920
259202
295538
549591
495144
681484
887435
192190
219364
113529
999234
954747
24721
993469
43921
94484
623584
154433
404397
507122
496686
55322
244229
879955
836834
592593
207718
138671
113006
834237
557886
614278
93439
853425
163869
588583
51261
51305
297125
270625
681186
812711
225373
705907
806181
269294
316744
946117
940080
237493
453239
953118
292815
697468
349425
646001
806414
73496
784672
435772
907733
342559
50051
1173
712336
730272
106108
763597
781577
403234
34222
979116
732297
775947
201375
54830
561594
34471
947
18026
271964
454186
971144
564780
668007
836921
727133
990773
910417
511806
426545
818151
370717
992948
819324
599405
723221
441784
363002
21150
361370
913576
266
93668
689524
201642
148498
767470
236113
665798
785496
24430
636336
756640
105562
304343
593561
832695
811468
20331
860853
238014
838482
747922
230962
174158
347327
470535
132294
710329
491686
493665
140258
491952
587333
346134
209946
252183
113604
446060
917981
899100
986842
554318
172092
92404
375013
282005
925099
186482
302336
302305
940848
657170
50227
688162
347680
397555
158698
479975
624236
650384
973640
764494
658688
560973
110628
868635
329508
740584
831047
247490
639684
817889
318160
811776
910293
209525
93782
351744
912359
912470
654049
853207
569641
704277
57722
917321
618184
216420
397296
242420
383156
887288
523267
41844
448261
150247
426831
294122
890832
257878
57964
46868
592119
376124
858645
18764
102001
468779
370509
14361
381249
540910
383920
950890
245187
441642
384564
379723
174414
298212
138496
73922
185501
661763
632119
150114
328362
58950
444236
219194
833181
502200
266063
425300
394676
641060
444065
496678
109839
330926
511039
491088
871836
411311
958331
633376
852954
342895
529451
543720
641107
667947
617643
826608
329710
249762
493075
658073
308712
937311
393619
658245
439512
176034
83546
350540
817094
43963
847218
443285
891241
874609
450726
279429
285921
409057
429157
655227
751952
958609
198947
393059
626556
816590
736020
472619
66352
229095
647044
891417
682758
557015
549662
638622
733050
149560
989163
66496
709875
836381
26134
117468
227343
476860
396898
513264
885917
826055
684843
637869
301016
883790
547280
927573
216733
799652
916544
799437
545099
563588
690854
227858
120603
756869
866480
370005
422781
855643
436502
649009
208377
462636
766477
952072
939496
679727
981688
341765
505783
666531
979634
323151
550321
43266
767076
767054
842919
683620
82844
388018
247208
773698
132228
884164
46919
998709
254169
986053
370704
690671
635062
579081
669659
401539
531153
125507
81267
512841
467272
103402
695724
963258
942905
246046
6525
709982
529452
365796
393602
612296
270166
157163
902347
402395
41327
465618
917456
295496
451671
288160
502520
603085
383594
688531
520977
431099
330391
602244
460293
797663
221998
156017
277274
164903
402063
800151
391237
447868
682299
784840
576516
952465
458355
995215
871212
499682
460834
305020
311530
428857
593181
330402
31943
493127
535286
552920
924226
865677
671516
384519
179692
409866
540537
456966
91121
458952
257117
482359
906820
455768
783551
999689
924586
241906
994904
795798
257940
972090
617171
569470
400948
726704
416225
949243
219831
951511
502163
660409
817188
690031
44929
513232
99897
101818
970199
191018
560770
743668
189729
983943
199437
973280
983632
124023
215186
494888
436173
473126
466979
569696
558949
867927
296400
975174
333522
32583
926685
835685
692993
260225
42068
737922
773457
141965
356092
260008
849335
433214
3677
39065
417157
719466
12345
917141
359841
227532
928382
796014
217010
395361
365711
775959
779640
178463
267485
113162
211047
710522
465199
904040
970747
507267
158314
260557
165584
514406
36917
14919
947620
556946
570336
881130
276412
582682
314623
636253
326566
243005
948620
59928
638366
830683
835888
418006
9146
619725
47520
220193
330248
512719
124233
817347
536338
798899
594256
701922
313305
631174
233194
777278
188120
803530
658408
464533
902564
973031
617138
229130
216037
82110
289059
370755
912793
641299
788762
921940
777376
352634
142133
107624
381706
782719
924972
918044
581618
35580
619967
411276
666754
369513
188554
854875
173043
363314
835760
75608
336345
969250
821090
68734
51361
110149
439490
964154
267800
744604
402446
45177
97238
544580
669153
478944
843651
594125
913341
941621
629706
49660
352897
812812
419173
541451
184039
592216
421117
19799
667824
757463
505402
488915
342549
556763
115416
782039
37269
899569
42995
439716
944746
140234
500648
130251
135530
344299
240729
565223
285920
386787
614883
155170
199599
34056
212973
383639
626273
634091
919790
810449
391554
425192
299364
250455
498307
931133
32495
535577
830702
75490
975293
291800
732076
475941
422051
383959
336592
662780
949182
138864
49567
564066
294034
765519
598122
507008
149158
740747
141099
585300
551197
49005
526845
366913
299460
25152
298046
848307
560729
645100
440150
52374
453252
172226
44667
875304
72537
381259
54436
538072
36476
620356
102138
330510
902227
216612
353870
567737
957360
494969
153037
24909
60326
679882
391822
359787
705035
689869
724446
782116
851321
164596
350843
304574
853175
911862
179878
925712
293122
750666
980136
845950
887374
82274
176460
789601
815239
530331
357338
288951
541652
26728
313860
601979
706610
705682
478118
927997
911903
202564
226466
763225
367161
93661
67799
736688
5523
764029
662400
814997
31047
642537
660947
918422
241163
837408
224375
572754
884091
98066
861705
942095
124794
691917
544074
831404
397600
538544
275754
825855
741109
18572
589080
624622
112233
173231
361310
117756
453612
540062
932754
484660
698951
593701
919434
456467
947461
660161
29221
347904
758227
407279
290000
883021
99196
350426
230778
13148
888971
22884
839004
146432
41456
944436
771054
153689
634020
132364
271445
87632
188778
720551
88644
887730
314253
524430
860549
778066
184592
889770
125971
459171
813401
932323
342193
912598
282749
89323
442098
171720
112207
281102
318152
153663
741891
605558
823704
892263
254274
611501
979895
443053
332053
584892
847135
162658
109322
707684
940724
810266
597454
583047
269438
410856
515370
127983
839806
798120
733658
281904
486192
362217
79359
804345
32232
337602
926255
855936
229865
180530
467437
726112
623583
799490
827356
470718
478500
453031
178402
419225
263297
292208
2272
49087
219416
33995
693422
575574
832115
943432
373831
834659
305649
969542
155356
337881
307144
81612
193817
53361
262142
177607
295825
885725
493449
123182
872795
971950
576213
567549
391175
355862
859757
909799
921302
595526
943794
614724
171100
292261
558157
61283
126921
380158
30825
282277
718040
337969
363889
911857
907682
626031
605816
203508
28108
99266
326690
900903
71216
902903
984804
462391
775117
360914
888542
696419
956440
832337
827496
643892
640950
385653
705176
767871
765811
736001
566501
203
590323
446742
912061
498005
72774
517877
701513
617234
133495
544555
34490
204711
963810
19294
183454
738928
380208
71997
435347
853000
420686
262843
496893
61636
164848
718421
345860
447012
454422
428713
447215
561097
875455
875628
59103
464581
909858
276968
81816
43353
337876
632658
248065
301686
168304
947871
40614
64865
19868
992314
917865
956906
771509
414758
18543
452710
649531
880755
899722
103954
825820
863289
665051
701275
255270
240506
165857
165128
33827
764025
724833
371703
913035
489250
673389
81339
437122
230356
146204
456990
222670
64070
413897
510531
995180
948792
963241
644712
345899
379315
265018
171719
242605
446421
872994
497875
686928
555203
179355
720755
835580
904188
92458
748615
393439
282199
346307
830561
512555
492511
803903
251577
72933
734152
762109
584466
199296
241702
745530
545195
621018
10548
233266
379975
456969
622613
877850
660249
177816
57205
897356
529749
477745
989814
794716
871184
272014
141023
218097
300921
149887
538353
552499
739172
272505
830960
323638
471802
72662
69168
533349
210032
596068
766616
590007
569390
905581
984209
745991
599749
557766
643348
129498
35512
149514
924215
423048
937880
581590
157498
238802
731477
695851
307653
470650
484708
138613
310640
472862
727627
896161
522564
454012
492229
289180
44019
577971
711113
28229
323963
310862
585995
967311
440361
137859
116825
880928
560908
54706
462518
234758
809860
193996
930609
117513
180998
415317
772478
491638
404532
16457
387799
927096
470469
396381
732628
30841
974352
443741
575422
298315
754603
677769
781978
711316
815629
415156
592244
892889
469862
54763
127647
796074
765111
574608
429939
462461
989925
202417
470451
910809
735226
858251
837905
722048
770984
570533
752889
745336
530626
844663
560004
285230
522432
858334
512898
338061
273490
105143
747302
743352
159906
874949
55778
441369
449557
485717
903830
955835
204486
374281
382996
939713
748884
220902
661761
36220
307787
931002
297909
354766
775665
857913
156348
814449
232599
669246
668863
506090
774389
416165
765794
450647
807467
821573
892016
773376
307290
312198
245563
511777
202832
628560
967842
468068
365814
145955
20641
189953
76957
318550
544719
368974
692815
701067
183423
925414
370314
852286
431504
661055
784804
197299
111703
592271
18872
520071
881999
842514
348622
127563
870643
67806
272475
838485
535874
638289
984440
556515
828242
577749
391417
372962
946723
84232
590381
646499
9647
477047
15137
957503
138103
799941
154802
249806
908564
690026
286229
306916
48893
634851
434479
919536
219009
706954
758022
271236
861595
258814
344103
689837
836564
735521
579151
299639
819753
169533
462490
345752
646580
477628
303256
784683
793921
974410
550841
218838
180789
353423
525754
229682
504626
476585
665570
723636
699891
939944
994872
561486
198759
338975
251323
551675
74496
830475
851314
410602
516360
830157
756354
679292
307785
575962
980328
618058
66725
531169
353248
763866
400944
395354
509900
905571
871939
175470
629207
571830
115415
624079
133316
830526
479406
900992
382201
553903
247819
749867
480857
280531
580024
753563
959823
404161
845878
940151
22220
912603
987673
891820
676469
388617
287175
186369
294188
159114
878191
923395
247297
993606
63826
896965
340484
543233
314309
722685
613488
562128
472553
94345
359011
52577
364260
318835
456739
210138
775338
995311
122741
763011
887131
315562
151629
174306
18283
445817
849773
896475
885565
613422
406433
465743
510387
746918
8976
341049
985955
138816
419529
458508
749513
778541
27438
113774
613728
484177
323912
389066
479488
446654
152078
882971
278568
303707
573630
296852
265876
423403
709679
667793
36825
632464
133537
63564
379382
658865
920965
365338
797682
340495
340198
547195
119036
367636
177321
732764
851813
501234
638182
847653
464240
790260
246977
742808
610319
820607
556012
876196
244010
265691
543989
797187
414508
193878
377103
793890
852744
298069
675580
166778
154916
15779
230325
790304
899767
407647
39420
267933
908881
677602
631938
373121
467863
878915
632281
78182
699522
704646
470730
459884
486689
14720
773423
901197
724950
150527
211440
577694
964948
887020
744472
119864
419151
974798
910168
318919
898797
949588
103204
807678
143542
735142
697151
611405
614058
845784
689588
829932
550430
676670
289817
37120
207742
63240
938317
932693
730119
149757
510387
211419
553130
771212
331283
488633
262362
757803
807552
161159
223743
910756
485189
367286
162251
182340
495043
776309
28124
700983
122593
94907
377654
412410
132027
585396
992003
586696
518089
238474
252806
544829
449894
322288
832393
297529
810921
94755
571685
618474
772266
311780
45582
257455
195418
724185
956147
690462
16846
500623
391445
139440
111882
285451
68202
243909
870848
60205
346958
388937
815032
116116
450118
264926
438404
282511
562455
249325
893618
650492
384151
182236
962273
946086
956043
157691
670271
428542
848153
687118
929166
755951
342910
41048
41402
411112
801310
428602
471318
664620
817540
286350
780736
784010
67628
735492
582874
146435
501169
476492
796928
885321
175081
275553
347759
131124
433244
534382
559667
797750
737852
5185
70053
80762
562585
111455
491875
880247
540058
479545
544867
873950
282247
841955
174312
866227
93799
757186
12662
594969
750031
325942
996642
925112
601495
344401
56236
551092
395135
132255
348842
132988
137440
935247
730102
216378
563054
221977
96625
619464
217874
641493
493414
16473
999800
184079
882700
93600
941265
411715
688569
691296
737657
201563
616408
339153
545964
188997
406597
457451
837604
271791
590439
975045
207038
836894
707775
770092
575223
804400
389557
793098
445893
399323
325923
962046
583402
208624
55646
524668
136691
260567
732316
874348
462130
865077
729853
524446
54074
136450
981897
891678
408241
88689
383075
615279
925583
90850
901724
500806
411603
291281
810256
373848
690604
136180
335894
790359
861156
391540
315027
997847
168459
563695
872195
630589
428772
118401
671387
482846
771203
653285
890877
179445
258326
790304
311076
183909
881155
729152
201067
292758
20433
11324
666606
227390
147504
518853
17749
525012
426745
849128
522859
595205
412823
911406
742146
841596
29807
413534
324442
317363
66819
731671
496808
841497
521976
324236
25406
403131
53389
226473
212241
590174
754149
395199
817564
418005
914052
835313
943017
857150
684441
982228
452355
97265
893635
194501
938861
439794
608035
779655
757157
191206
511327
770317
32703
33303
610906
574461
952786
664295
800935
681379
770821
71436
592930
588386
489442
23335
940051
432459
880485
140845
414688
332840
238110
824675
43693
693323
264469
168081
989330
537979
359287
17009
308296
908343
566664
919202
482804
35802
99849
800091
233533
870671
871528
826464
459057
877322
849799
915460
309781
246636
56305
240821
579476
810767
65496
139521
20442
329966
307602
9773
867945
183242
543134
692593
91585
109799
128148
90741
661953
227997
407185
895487
98668
795065
721951
74077
672387
88102
989538
498520
334738
562195
739342
430566
372963
804838
86439
393405
651156
394042
403178
35453
577284
462665
728047
185221
88816
856195
792314
750769
600544
715851
646256
699213
27268
884559
289642
699655
489013
795532
714528
340103
357728
453870
287021
730691
258708
373461
640448
426217
283855
559979
461670
861139
22644
189717
562712
111460
562264
871378
862229
162809
587230
24838
378374
614498
425749
184368
830506
914763
979901
545034
771218
853981
515256
58240
101024
290316
948053
741472
716533
231908
301451
178204
93047
840447
884273
172111
951907
446538
43489
330489
125699
147071
871679
504073
277922
297428
688441
624780
728543
184694
686166
499762
38675
201422
558002
656051
491738
506055
397524
724624
737963
215327
902828
347362
55775
787101
35825
524034
749991
595666
854523
875690
742738
726202
379763
537012
23631
584557
161792
752174
285603
364310
768288
324279
565732
326290
496682
573822
348697
894206
298446
603012
625886
717626
466726
681661
504728
502551
722047
771071
98218
576571
646762
357308
819125
542877
410672
359108
127434
88816
627635
929390
453126
395923
253669
18858
238566
266703
109032
103615
160910
407479
706628
303148
125105
173354
501161
146185
192258
223208
917257
806828
316131
80371
164136
135257
623248
91160
10717
267035
179976
638352
196425
633102
34276
966446
651960
789194
233149
277344
892809
910411
684823
599437
729911
326281
289144
231072
988818
997754
454281
422427
804582
286764
502798
968718
422021
642399
576230
432739
425786
756206
587443
138563
389308
138071
621361
557620
927265
370862
834964
820075
797626
36140
935864
527537
878773
741360
274962
867591
739114
245595
290019
543696
532359
309169
28766
470733
467920
604996
419824
893706
877554
7267
548621
266862
661691
686334
340834
588956
57197
692151
925383
371175
728291
377600
415064
607064
635312
690026
991007
374427
451973
281026
434475
984333
106548
979594
971418
574468
100942
391242
984527
978497
914861
533148
761711
576552
735835
618898
681861
793032
311049
607244
680559
555692
501196
95623
162756
136509
302002
670115
27288
753975
951142
461763
738308
57690
957709
226078
148510
575004
617320
133037
69853
48534
182538
347916
625086
918373
966814
306947
227757
277863
430544
908316
349907
931740
520291
29015
68249
822293
699131
95537
576269
650273
73653
830929
224315
31362
57008
889177
606366
190680
22215
192571
239214
204753
540488
380653
639478
507302
687600
383587
301518
118144
291903
651425
566237
328546
680441
634486
150840
895924
730024
243461
62549
320029
590742
286864
351391
647750
176041
474110
354783
714608
183033
593997
435713
723521
974650
75191
230824
178603
975130
48694
813099
267033
700119
379336
111932
896912
530175
779124
792836
776551
22585
855385
96580
613327
658601
964323
777430
350995
954785
132213
65603
137819
242562
17669
861340
733565
609212
608516
912168
584343
657210
241619
367728
873682
137308
479660
286946
667483
258784
596135
444034
281369
967872
56966
411049
626474
21289
704831
493821
976075
837044
75776
630246
595958
93445
491586
329523
702658
616455
758043
803353
273665
516015
171081
663699
653323
650742
950646
320806
425878
546781
281192
223600
514653
338158
634649
657479
875799
339480
667652
851874
692876
743429
998472
288834
353226
490059
134710
572236
106514
892753
375589
896531
925120
546671
560231
578443
713765
27229
415601
139643
574010
696793
363243
605015
551303
514244
778847
427103
853724
446499
795329
62952
706280
310154
868139
575859
800213
2849
148095
423079
411954
40037
835962
337075
586708
396193
431870
816825
423422
847472
956468
513784
60617
836064
635152
611921
350308
413999
555376
720385
376850
867057
783337
599483
177211
167828
175342
493776
170677
839789
433207
98984
879826
269170
952411
466534
181715
384281
799711
121490
231753
756180
635274
292371
108596
786778
420644
458904
200777
492372
179289
93980
875781
478979
693463
569345
646807
385157
63121
333837
224946
12681
432821
104773
281851
385232
87659
979918
769513
887371
101408
517619
159903
253035
326342
268499
39813
263338
727403
756943
755710
423045
367275
147843
902024
60738
717188
65183
962247
296662
399020
187193
309343
831841
291966
107546
733425
895978
87464
19291
783349
705225
536910
459604
474612
379604
728103
514425
642942
971858
787720
915004
911255
154995
62847
329631
732085
296388
394815
694332
593050
793835
881526
418745
142029
689844
526291
875454
585822
130107
894745
885523
835332
948007
345127
309944
327611
589582
340722
486905
561441
644794
918261
472696
799790
497461
802328
531875
793849
713495
742560
903251
507330
140438
321996
649359
830282
364639
524814
416105
11098
935911
817980
362783
400271
163108
189079
727882
752690
529801
731140
830483
174596
649401
303180
490738
663214
621860
538965
457063
335355
281525
876666
359037
421963
715014
8397
768598
79653
49563
701055
90752
985474
519035
969887
385745
682143
158966
629980
951186
205120
877472
781669
896068
43225
601201
386806
706440
739413
442123
163503
74768
240001
556522
950158
178316
271536
958555
946914
867542
524470
647969
474646
509944
683357
444533
412042
881852
603499
558374
833038
808619
435846
614708
704687
995423
215909
607845
701863
955323
49969
381719
546443
289970
938241
496601
468286
726129
971508
931553
593671
495978
95874
68317
522275
779231
512850
450669
661084
632702
9043
494122
441321
961241
625182
662361
956664
841092
270206
174880
312767
320175
556599
375562
126497
11192
872164
111136
737321
360024
42689
330993
372355
138563
915662
894630
917795
428513
345299
95231
61215
870694
105705
18888
348287
730888
681249
821303
571980
951456
996183
401099
787983
69134
776661
914481
596678
165177
541969
334000
41554
584658
181345
413909
239573
97007
308539
673720
41872
170190
768951
619439
557236
874657
638328
905523
605545
319577
243178
693877
787385
239362
611328
575369
824848
387989
6202
421527
69519
548171
271879
111073
649181
453224
524982
888754
66583
349873
562475
624808
520063
331426
244247
593651
722435
882575
15526
327980
718505
258704
538209
505890
14418
149537
597611
839267
53879
603813
777146
123398
668336
565377
750823
317517
534953
275805
206272
601536
625678
285099
226344
662093
616525
470592
255744
855313
869519
787622
183293
588024
46326
237855
610267
60745
387392
207878
416364
957623
328044
709862
81021
512732
275239
831844
830250
810192
624001
552874
928080
249679
837973
670777
428124
970850
657721
200220
826163
527240
987842
525809
631617
550521
763664
241884
127618
667408
966114
543982
625032
294158
770196
222405
323243
45435
54250
153493
371979
194603
222719
300059
960635
577044
970836
388759
547894
628557
105332
890410
155798
609526
932571
303767
160047
696235
62003
287665
879995
28117
347999
21379
838628
118195
243785
161871
163630
814387
831716
51961
8990
54435
352021
969625
631479
322857
874737
695725
467767
980069
586135
623565
589595
35058
443684
749643
731293
505687
553660
127641
533804
901660
149020
888784
19855
392805
50655
699838
207192
398723
268151
732535
453158
620172
702160
600989
459382
576897
296715
927149
556966
399202
67066
662914
434261
510750
928909
681906
16437
482569
809547
66593
900581
474920
471730
436789
384077
522385
652979
107622
921109
921130
840157
890619
541303
542317
491609
685
635567
788324
444186
708885
703878
511252
371799
138139
22002
817060
820046
554791
299630
145945
137736
716563
620865
609466
153352
4943
648204
806331
112565
85665
727462
952722
976284
785117
11391
984245
302154
646958
288921
746340
872196
992800
257592
243995
130939
795946
577408
950985
867089
877038
96931
521177
109953
234148
130644
263306
239091
295200
585989
868008
380865
313451
337082
873501
614920
348474
857747
917074
511784
146668
179766
900332
655820
953710
660680
786760
266008
238088
254097
133097
631478
867380
654275
741431
101529
301271
4737
856972
112823
107079
724981
493688
420530
578415
883541
551803
443241
257640
985229
471378
920661
164996
371710
576481
118706
32390
363241
384715
270478
617339
34164
901956
484719
204791
643388
102600
22414
164477
959573
135237
271556
200906
145277
208439
779321
28819
276594
222563
802811
261823
210293
723472
426819
582003
299954
61878
614394
179547
962945
884872
313238
513461
303181
314310
234605
946569
416910
257019
627398
892835
908609
415307
93741
53886
623746
389415
599057
416692
128330
401869
678515
338623
641693
621687
920626
941647
199917
51372
637547
162862
936245
950785
192675
755778
781447
427280
218699
198358
684300
846097
607545
109261
261404
217639
163147
401502
607054
278557
818194
251736
680426
13062
590359
322119
634749
27337
780119
834666
78710
934018
513880
531307
401155
706555
287085
182603
133836
505784
897313
334488
868233
504858
443749
129638
722497
123248
47492
845903
401805
382039
97639
598583
911453
204350
920703
546202
231688
217174
897220
826750
667544
411100
358057
68699
117655
645142
767654
767843
667278
664967
618683
535511
686178
62432
181501
925027
702033
745346
770931
103838
127385
384922
702422
38838
105625
139477
101392
853665
873003
998612
680415
540547
926064
554824
609246
43719
716318
376901
327915
383596
558220
946598
919107
244398
525383
616961
685778
227416
362307
973061
847606
6044
357983
550028
561234
979960
205857
662626
833625
78860
177590
514040
135759
103654
68864
261358
663725
785182
154611
991640
685130
712831
454591
120590
473582
496326
737551
159360
240094
99858
132421
87700
622254
6756
154081
183488
986717
359938
362466
820342
955151
540056
850735
90910
160062
435951
352268
823787
737486
506879
331780
422616
736063
302723
543206
725997
799049
797109
885357
39143
413319
534130
643195
35573
57238
797276
219061
43955
673567
581527
380650
628718
637935
747737
235980
797997
183688
104601
138137
921174
127832
469917
860143
380247
288992
919701
106244
88041
716811
991601
643536
130130
42083
286731
165704
99322
600360
901117
143277
273927
482645
40279
418997
636932
788016
171329
434930
488057
275930
573067
409231
920115
559336
785726
300362
848328
705428
406607
452721
938591
914560
96257
585073
956644
899340
267129
572318
499700
168247
231947
773627
167244
272227
192624
804176
576595
880306
239106
64652
672588
328525
473884
592703
404213
775962
409418
252541
481390
332377
705262
936333
246937
317871
521407
719933
217212
788536
808603
716912
473135
40551
490540
640379
312778
199516
444556
405725
79822
200014
470378
752411
44892
460614
861466
449105
236576
270884
217999
234319
119613
923261
170652
882903
757485
208411
119188
974697
513300
927792
691609
986435
968343
698501
626815
797473
414370
587723
203198
10544
304089
189928
762955
348981
650542
140774
314439
887119
928010
532438
637790
47624
972051
324794
930527
729536
533206
49715
704233
562858
493859
912195
549293
462202
610696
692460
776027
25066
796535
495578
35611
100625
685506
314918
965958
336049
972044
280397
739520
900055
329187
893662
464031
301239
218456
910910
547127
268014
476977
251361
830872
970837
163556
896518
949391
290604
588978
241771
832023
901866
737349
383986
2491
939207
215256
484801
791608
187301
281551
531128
603708
610738
941142
584091
428329
159599
495001
975457
943965
488330
226818
291190
975519
906726
187708
441263
713682
293038
683034
62057
194904
936735
446043
713747
875942
661300
198549
667551
364953
480100
715031
485013
607190
656174
69104
35520
332125
80457
10977
276090
568787
754147
567280
60659
660873
271340
501922
890907
80731
701308
952965
791987
638043
399008
505735
30337
576660
220636
697888
941613
700736
929272
426626
307926
585446
12082
859798
433923
92539
870775
710013
177679
624922
793646
754690
802147
581338
256612
693055
662069
474272
646020
454057
112315
561380
959792
659004
654393
696780
873245
596006
397516
802517
538985
221794
904315
67419
81593
338238
676311
468720
564603
370342
93643
358249
125032
895790
939588
897996
105197
118009
372268
267569
572066
935
828950
48210
659939
483343
744990
533184
595701
658858
852053
651038
397005
756368
234810
478598
610958
911121
463670
175562
281463
557313
50163
406495
969456
506103
304491
74653
624113
193111
342223
712531
194046
171173
760742
853985
170868
505732
903522
282921
680943
271927
450312
77948
544648
685122
556546
155606
596243
20216
847520
877706
93882
897684
800553
63338
920139
621396
137991
544252
814507
480214
773136
8553
167739
533878
378890
854959
555962
798764
137881
236905
70692
588193
314853
615340
789667
387751
287298
385910
924320
134819
779968
18202
548855
96873
597892
468994
718269
735883
529599
532776
732450
302735
57681
900189
352965
952923
755149
908927
751688
409382
145833
338732
513927
977038
470424
303594
364790
757722
205856
289110
408893
502176
823664
957748
599049
421556
943095
317318
673791
989046
366446
406241
808133
424127
822783
161098
893402
94284
586377
161442
503666
248562
500174
533945
225601
486950
837539
106743
244673
559747
395853
653566
61923
735869
127667
660972
157425
70762
494642
831216
576160
861088
237458
384293
285215
60241
61743
694969
154525
648120
856412
174543
896683
356586
708488
638636
843537
62379
745379
604562
138478
657584
774480
200401
393453
902147
377725
550878
489261
872367
898446
65421
733455
652256
449714
535022
712497
511457
229991
383374
675930
86403
74269
88965
959342
782757
727601
319231
361488
472980
923793
499966
646916
698273
216719
40369
116773
594444
107599
606034
466811
6045
671456
200266
658302
637522
251640
887151
148980
481632
270526
824910
84387
861147
430227
43729
160257
157828
362960
521745
147160
803105
538064
794076
17731
754783
834445
134504
349228
942044
256890
332391
464441
928346
49010
122743
565869
300650
9895
231201
298634
796773
572463
383022
657920
2690
943103
334529
160518
822416
856275
824030
141873
910691
134458
159604
665474
968903
810460
531054
427299
67351
379798
408092
512049
428808
530836
594270
245810
57083
825471
544445
370208
914286
443819
544480
916976
903274
879010
593846
725690
251637
934228
867564
162328
68686
543520
344154
553941
870333
391561
497592
454036
771359
905685
966085
200167
952873
76708
962329
9956
418531
506774
380164
332818
466945
924644
766146
370220
803654
876345
612262
55291
810573
996178
733971
879260
539699
78126
949553
410032
986039
447146
864068
757398
352831
346505
473917
305704
423213
436246
832012
358097
459373
212176
690915
926318
653172
973413
812890
973179
849758
425153
544822
176684
937683
278794
572296
477382
873272
521849
403766
859311
968995
784186
616709
838178
647044
606978
143882
70257
43224
975894
944706
502597
704422
635621
945268
357595
125387
758158
330774
975145
699663
391948
151829
153699
670742
240477
631081
60366
762327
551200
919677
731322
335386
52738
85853
982430
659716
229735
569040
702941
721982
513746
721890
942756
665720
667158
300351
791107
941669
147477
282604
157684
539426
950786
311383
726520
191263
458817
786887
953590
526369
222916
201265
861755
275655
287118
360538
451723
33205
445930
671016
755187
476028
909259
214296
658100
576417
514647
449207
34438
178477
248164
708475
234255
198950
536210
960775
906565
995027
264014
860156
521396
486931
577773
899504
278938
381243
776394
730661
414448
738676
918030
685988
214704
827289
900284
872805
920058
931283
838364
954497
109760
86528
179324
344015
801830
715534
821143
708396
226914
85157
84904
264662
572088
662677
164166
367378
43920
456912
98040
974720
195588
532422
660708
410293
359711
77344
799450
796121
8628
637814
266970
634740
240695
446294
978756
558877
678181
316251
267273
905095
401408
868529
169757
489849
47558
850276
857227
607830
307188
471619
582551
502777
520393
759611
429422
880104
836956
228872
192578
845584
383038
459548
480324
623733
905843
975432
182611
584024
808035
966236
5471
209444
834766
175228
215645
882324
25504
589224
490155
332693
577196
589058
351822
97589
348669
781244
494046
185625
10116
686624
547561
393154
146172
544238
533240
52015
519670
232203
152391
327706
198439
157862
53502
549557
849443
785499
948234
391299
374723
954741
240344
468271
543799
592166
565861
892468
373410
59907
594446
899878
746531
142007
809385
892703
686245
858977
461071
722268
91180
129814
566326
289619
804029
136180
355529
653472
921679
303763
44771
812754
258504
285116
281026
802303
393634
846887
211123
283397
423146
805569
699627
169677
463929
509012
578732
666526
884341
556155
905146
975521
202322
471472
781493
6351
607652
137022
176175
529331
440785
737298
858438
699289
538766
139464
17944
932401
502703
229067
732150
442201
550989
431777
128230
531270
457142
706962
197796
341483
779470
102943
317005
981792
90767
98498
988143
698420
751872
164318
744103
192657
417968
602541
408298
956735
258357
426242
405488
277412
171661
137638
719613
239002
569415
847843
770272
542909
71158
968069
884393
850628
587364
717750
832420
678131
816248
336915
892903
568120
17585
637007
277129
435553
755900
685427
392288
530610
628021
314128
808022
799682
451766
43988
38685
21182
408183
325309
564091
995693
809730
964836
846321
397094
682586
195093
591578
15186
48360
484481
99658
65945
121488
376787
17851
393741
578566
926491
924351
206587
240620
732373
522622
692386
292713
77659
229920
217249
402968
310364
212942
212699
275200
575616
126145
474139
770709
717723
489325
335422
202205
588984
401367
840045
482123
935570
233786
60690
862062
158137
783629
102682
406863
822603
311420
215928
900262
57693
433177
819583
368057
646120
548634
159609
221736
191131
150100
508797
908855
639426
844219
627412
744762
761939
983809
743237
697509
217596
803927
75923
892085
103909
694957
815300
926512
6378
31229
343127
64071
464406
679062
948480
626878
227696
624441
848614
418827
774542
873764
844034
413968
717983
987798
675082
479922
971608
418319
693784
189204
738599
769707
597641
842508
464665
412942
285372
987395
444171
628499
51466
424929
307561
516298
51808
51609
140739
416774
986789
915281
290538
347175
845601
524874
334974
37035
521148
306582
455355
214932
12138
710306
984640
609779
552814
965657
22721
838186
953052
466892
983038
520870
891822
806951
37168
459982
374913
177907
876756
361702
609541
167295
708877
971494
208521
560203
8530
729669
866785
980237
944602
878923
690543
445594
488703
759709
411251
511424
114247
880655
494669
613637
401525
902843
420589
438693
362825
795502
132952
239581
673556
258845
923228
382433
230340
131749
458989
755222
861419
325774
735459
806021
721050
942354
767967
726105
218415
695570
237529
332662
576225
248550
946300
494102
151393
883241
449147
514218
678743
98451
753800
352299
357297
677028
251084
103989
808778
710073
859211
186549
552200
111022
992570
273250
569728
276889
999355
788143
488811
753236
637157
581388
1787
583457
75490
669532
466698
524637
183751
661793
623088
937551
14092
496737
130931
781529
600726
456061
491602
976289
642610
560154
603663
151532
349756
173391
944773
349111
961534
433584
618700
598692
14972
136839
698501
90462
806371
681552
131451
990122
343345
754540
444025
873790
767629
91309
171671
368356
547370
179625
860997
706333
739780
464661
857865
89536
638052
802639
955000
115939
752575
573700
230983
767548
226891
929484
858010
33262
127388
989462
539737
987086
260354
500114
377228
27983
591423
548899
912691
655146
728524
773689
877831
468304
238350
735696
74193
392754
54687
29193
508693
807263
119245
739676
574811
862488
185513
949173
895750
312901
454987
951839
816339
231693
451954
193567
776029
559729
742466
688720
731227
470991
978761
609058
455647
733463
344755
529840
126218
915794
75385
151263
239409
194630
407292
330572
57118
592805
279746
469221
422058
251085
937412
238398
482779
389366
431965
775160
465448
174432
463880
196675
161775
958994
805734
617422
692457
666841
147263
818675
98987
222648
486291
338397
933631
893583
668969
507101
486388
465067
492674
424798
716153
430087
663196
715284
335805
611514
490444
801253
785946
470676
997929
464073
429670
320015
81495
638480
986856
745110
457155
602195
484111
459798
940592
417742
353381
125914
441195
356121
590981
933870
780920
823486
363957
444116
55122
699762
55630
61918
17368
357928
532595
15297
822001
478617
851664
419849
117097
354872
164959
90605
957067
649070
550403
